00207
07853
05654
05884
04384
03124
02291
06680
08113
03369
04873
08041
03773
01932
06915
06279
00349
06407
06269
06773
06083
04743
00469
05563
00020
03464
01143
07535
06754
06079
00896
03862
00150
07301
06435
00394
03165
00111
01182
04876
08828
08543
04804
02121
08304
09721
06402
09371
04624
03187
09536
03020
03314
09014
04199
01029
03974
06354
05993
00564
08099
02909
08945
02012
00924
05323
03400
03590
07343
01706
06977
05318
09338
08885
07186
01400
02666
01848
08463
06937
04609
04291
05429
03842
02419
07767
08015
08751
02973
09021
05833
07886
03379
02678
09983
09347
04821
09437
00528
02201
00141
07129
03077
06130
09799
04670
07352
08541
04883
07810
08923
04734
08415
05909
04513
06283
01181
09459
03071
00078
05454
04025
07682
00215
07981
04716
00576
07940
01629
06446
03061
03244
07391
08205
08069
00728
01552
09961
06385
02622
01455
03839
03236
08044
03565
09926
05341
01565
08028
09557
08407
03467
00938
06192
01571
07266
02903
03453
04999
07101
07521
06247
05680
04463
00001
00542
00163
03375
00062
09673
02626
00705
06176
08618
03338
07517
09439
03356
04776
07887
00234
05595
00140
09786
01587
04079
04485
01961
06311
07335
03612
07444
09163
06062
04605
05531
06114
06205
00960
06002
04028
02317
02550
04489
00265
09638
08847
08007
02187
07625
04120
07859
04343
07089
06974
07102
07788
05821
07168
04082
06364
08675
08685
09089
06664
01921
03412
09495
05452
06752
02308
01230
02616
03810
02699
04254
02297
03176
09373
01443
02052
03392
05197
07100
00414
09180
05579
03024
02507
06014
04170
05979
08897
03919
00653
07558
05464
04655
02365
08292
03168
00486
08313
09064
07801
08475
06132
00965
01768
08179
09597
06302
01013
07074
01226
04260
04815
06075
04542
04396
02572
06055
09002
07221
08294
05645
04834
09483
03179
03900
00717
01303
05990
07854
05029
09327
03916
08639
07088
05605
02349
02395
04685
03705
02918
09757
06271
04913
01845
05516
04491
08522
06633
03386
01209
06094
02476
07883
04105
04914
08996
08423
02055
09172
01102
01097
03475
04578
04108
00721
03440
05427
02453
09266
09213
03394
06029
09264
02193
06496
04902
00336
01623
01478
01607
00926
01832
03702
06086
04286
05701
01839
02130
01914
06756
02287
02042
07332
03985
00238
03937
05646
08392
03204
08858
05957
05208
06886
04219
06274
07662
07336
06065
02324
00250
04344
05886
02487
00957
01465
02449
05794
06147
02878
02864
05611
02102
04562
01330
06298
05545
01357
02781
04973
08369
00306
06817
03490
00548
06850
03886
08116
02457
02785
06095
03652
06303
08866
04051
07706
03698
07759
08282
02744
01566
01678
06551
02849
06198
01396
08976
04488
08421
01039
02073
07482
09070
08815
03818
09351
02502
06981
09587
02269
04514
00843
05229
04990
04681
06100
06749
01616
03499
04731
00989
04614
04448
04216
07667
06384
04992
00939
02556
01638
09985
00674
09861
07970
04187
07527
02819
04935
08233
08978
00385
07895
08261
04763
05722
03695
05682
01982
00582
02896
00134
00799
03468
09398
05767
08637
04210
02359
03058
02989
04596
07532
05698
00533
06608
09660
03741
05493
02369
04435
06785
04912
00405
03441
08806
03623
09037
01631
00976
09239
06626
00381
07188
09385
03918
00855
03396
01959
00878
01654
05839
04610
07250
00316
09440
05101
09200
01120
07323
07344
07582
06406
09185
05639
04715
01405
09171
08955
07702
04324
09370
00879
07904
00312
04147
05590
01415
09329
03045
00086
02340
00809
03269
08583
04606
06171
05877
01994
08504
05573
00619
04167
07518
07912
02922
09102
06759
05887
09407
01335
01019
02506
06101
03460
08219
00951
00478
00099
06987
00056
07222
00495
00644
03585
00688
01605
07043
07903
08726
01854
03908
00966
08920
03562
06924
00325
06816
05445
07781
06584
00886
03769
00772
04154
08336
06112
04790
04725
05713
03796
08713
00840
07938
01782
07192
01491
00575
06375
05326
09858
01128
02821
00348
03988
00599
09046
03797
05031
02993
03866
04966
09665
03381
05968
01043
09789
05874
06760
09149
03809
06294
06992
09008
08360
09152
03213
08296
02753
00135
09859
03266
05572
08834
01841
05786
01609
01173
06169
08258
07877
01865
02006
04863
02416
02880
09262
02792
02337
02351
03250
00302
07327
03449
05857
05756
07091
00601
06008
00268
01437
09436
06436
08788
08574
09320
01928
08379
09714
08941
01146
09644
06487
01703
01558
06762
04141
09975
04893
04575
08457
09691
08209
08144
06852
05491
06104
05184
03997
08140
06267
01668
00118
08087
09450
09977
06508
04964
02581
02577
04301
03896
03526
04279
05327
03193
05127
09930
06275
05009
06593
09227
07804
05085
03678
09029
07672
09601
06121
03198
02745
06352
06209
06750
00602
08347
03569
05082
00993
04151
07140
05910
09562
06683
09981
08498
09869
06476
02733
06649
00108
03639
07128
00333
00790
02953
07907
07346
08736
00711
08353
04797
00166
09575
05356
03790
02763
02108
03992
08086
03715
01790
01922
01622
07897
00244
01000
04770
07077
07426
00467
02768
06377
01262
00918
06786
03477
01099
05198
02379
03016
08090
01972
01345
00655
01712
00102
05702
09707
06361
07808
05091
09357
07733
06103
04493
00097
05890
02329
09540
09376
03333
02475
02356
02615
05699
01705
03711
03776
09174
06983
00199
05536
04329
04078
02667
01942
05003
01773
02925
01887
04190
03429
00490
07663
06779
08563
07900
07557
07936
08083
07348
06492
09485
04302
05495
06096
05225
05139
06688
01475
05548
04713
09311
09073
01235
02367
02150
09911
08818
01779
09612
03289
06885
09031
02934
09375
06822
06873
00284
02559
07032
03533
07205
02952
05120
09145
07167
03704
09508
00205
08764
07275
06220
06653
04422
08672
04132
06706
07289
02611
08278
07666
01264
07414
00459
08581
07505
03446
01139
06601
06856
08568
03762
05297
01671
09939
00138
02321
03683
09740
05734
00748
02205
05403
04211
02436
04407
07045
04439
03458
04888
05268
06998
08793
08198
02585
00771
01727
05282
05304
04768
08789
08398
07177
01054
02949
07525
06196
07143
07746
02963
07034
03498
04325
05332
09956
01134
04754
08171
07122
07145
02344
02135
06950
00323
07923
00749
07697
08930
08780
06858
03734
08402
05800
02584
02382
06050
09072
06068
02299
02050
09452
00560
01805
00540
09431
03217
09079
03142
00307
04899
07297
05144
08929
05500
09545
02229
08692
09767
06771
05561
03031
05267
00797
04880
08446
00071
02790
06912
00224
07007
09417
08740
01397
07170
07403
03362
04112
03013
08117
09280
04616
04323
00222
05518
06619
07349
00094
09889
01680
06991
09231
08705
06556
00810
04189
02875
09839
09390
01611
07000
08050
04732
03680
03945
03326
08350
03736
08380
06917
02968
06899
09310
00031
06534
01901
07675
03407
01557
05463
04561
09519
04215
06210
01394
08697
02183
05196
00784
00465
04445
03980
05102
08891
06051
01497
05547
00444
00710
07565
08453
04825
09409
04630
06261
00631
06351
04560
03050
07086
04807
05908
02009
05715
07510
05951
00153
07722
06206
07545
06409
05479
02834
05218
00733
03774
05471
07695
04571
05977
03547
04348
07503
09627
04212
05400
08307
01900
04956
04043
07084
08377
04354
04103
07382
03677
00680
05593
00500
00373
01794
06497
01732
08243
03848
00743
07194
05824
04280
01307
01453
03835
06035
05792
05313
06787
03040
03967
06448
04930
02504
07924
06821
00272
02601
02646
04341
09339
03072
08636
08013
08520
04505
01161
05209
06949
04854
06911
07834
00830
04720
07050
01935
03437
03673
09912
08779
02391
03684
09054
07357
01283
07604
04385
01393
06190
03727
04298
05510
08870
01551
03617
07455
01222
04525
09814
08589
00407
07766
07209
03345
03766
09521
07738
09018
04013
05602
08615
04336
07951
03311
02011
05104
03221
08783
05113
08156
00341
09996
05202
04430
09265
02376
03161
02765
00684
07741
03059
03751
07169
07415
06853
09355
00773
03331
05775
09307
03200
01204
06360
05270
00596
01117
02402
09346
06226
05928
08646
00716
07992
07090
00735
07660
02748
08642
01369
07274
07072
08183
01664
06868
05045
03901
09896
06795
00892
01168
03398
03402
06365
03306
02091
07840
07290
00729
06596
04403
01089
08702
07326
08301
05781
04793
05081
08151
08873
07317
04552
01670
05237
03139
08594
02443
06173
04729
08605
04767
06697
04300
09164
07146
06059
03709
01009
05905
09353
08877
03795
04574
02530
05135
07257
01425
00555
02361
09093
09444
09061
02843
07458
06707
07989
07511
06419
01774
03247
04414
05141
02542
00776
00841
03780
00570
09198
06782
00844
04095
05925
09928
00584
07270
03462
05100
03984
05001
07958
00880
06804
04706
08733
09570
04872
06901
05651
07821
02284
01171
02643
05730
02636
07892
08291
07692
07453
07441
07680
01588
00144
07392
06320
07292
06033
03307
05450
01466
07994
01614
00539
04582
00959
09197
01833
09852
05248
04809
09664
03650
05039
02698
08338
03260
02728
00781
05126
01625
01458
00876
09632
02271
08214
00755
08698
04411
03131
00042
05077
04633
00380
04044
00910
04835
05335
03792
05349
09730
01273
07499
06061
00952
00985
06573
04887
01822
08668
00831
08314
01628
05325
06954
06175
01976
02092
01919
07248
01555
06505
00837
04712
03452
02957
03747
03105
06113
03827
08365
06040
02627
01488
04566
00651
05220
02621
04649
07094
01298
04467
06889
03897
02700
08995
09833
00178
07036
04032
01268
07396
08684
00504
06957
02669
00030
01384
05935
08957
07649
01130
09652
01347
04067
08973
05476
07201
02595
09025
02028
00867
09919
08974
08627
07873
06199
06510
03292
00838
01266
02987
09005
03524
07631
04593
03322
04400
07874
00527
09651
01755
07713
05205
03147
09511
04129
04827
04656
02945
04454
02483
05251
05320
07668
00398
00511
04584
05286
06922
00442
06638
07689
04394
06829
07165
08917
02913
03183
01219
05569
00751
02029
08230
01926
00515
00291
00279
07206
00276
09648
04663
04021
01025
02650
08960
01445
08766
08983
07438
02431
04925
06379
09033
06350
04520
06048
07939
06486
05615
01332
02424
08432
09382
00609
03175
00557
00483
00661
00934
00198
03976
05592
08613
07371
02811
06416
03939
01227
09824
02244
04479
08984
07218
05156
04687
04399
01899
02789
05534
04238
04859
02547
07718
06264
09186
06030
07620
04786
03424
05011
03584
06693
08157
08346
01085
03098
00925
06696
08727
09800
03923
08387
03905
05149
05469
02083
06883
03325
05449
09690
03576
09731
01502
08901
06138
09205
01993
05869
05791
01328
07906
04932
09321
04679
09369
02566
09830
09857
05744
09532
03291
04594
01325
04177
04832
05481
01550
03195
09269
01401
05368
00343
03724
08079
09793
04127
05477
05285
01775
01472
07196
09091
01512
05342
09992
02318
08887
05570
02488
00129
03010
05520
09112
07548
09365
06329
03245
09927
04023
02525
00136
08025
06978
01830
04040
04997
08180
00051
01532
08239
06105
04163
03258
09228
00278
01877
02541
03671
07187
07075
04733
05778
03591
02216
03828
03036
04408
02715
03909
06440
08823
03501
02570
08027
03177
02166
02992
01142
03435
00025
08048
03287
09883
08227
08065
08080
08571
01956
08163
02847
05324
04139
02094
09843
08234
07687
05755
07132
08276
01506
00929
01174
09982
06628
08992
06479
00623
05638
02702
08840
06831
03911
06268
01827
02971
09620
08900
03196
04717
08003
00808
05903
00529
09842
08538
09613
00622
07632
09598
07526
06765
00630
07095
03615
01092
01436
09196
07040
00280
03644
00443
09232
07047
03543
06523
03118
07790
08807
05424
04243
08939
06747
03737
06039
00413
04007
01990
04967
06368
02378
06834
02293
03863
06645
02301
07450
06699
07646
07442
09097
01684
08159
09391
05404
08279
02868
00819
05134
02623
07875
01842
01534
03693
07952
07298
02111
08342
07058
05566
00260
01695
00143
09192
02250
05809
02723
02401
05140
00266
05945
00318
05532
06318
04613
00290
01366
07889
03421
06809
07446
05505
06961
05675
03761
02433
00121
07725
07910
06414
07093
05916
04379
03687
05194
02426
02600
02644
04234
08257
09395
01084
09252
06381
05873
07111
03208
03086
03957
00254
06485
03522
03505
01945
09319
00409
08022
06180
05143
07465
04282
02192
08505
04466
00052
00116
08126
06116
04456
00294
00973
08814
07044
04512
01315
06243
00636
00221
07171
05981
09022
05170
06128
07626
02016
02004
05892
06615
00436
03154
03155
04987
02342
06675
08962
06895
00953
07737
01880
07899
04756
08831
07870
02641
00718
03006
08683
06581
05564
07013
06753
01599
05166
04765
08251
04183
02746
05461
09178
00202
09520
08951
04424
09988
01764
04923
00077
09965
07867
01243
04837
00269
06775
02173
07413
07762
00829
04255
00997
03274
09273
01451
00614
01154
09796
04508
04265
01715
04237
08158
08248
02134
08017
07513
05474
03649
07213
06652
00770
00329
00682
04710
07287
07018
01868
09617
00433
02493
08029
00067
08610
02848
04998
08256
08501
09968
07121
04805
09607
00392
04024
08481
02882
01063
07893
07926
05822
03149
00836
02976
08340
04048
09251
00958
09233
02373
03990
02096
08525
06952
03898
05319
01382
07693
07087
03804
07070
00499
08790
07284
00310
09214
04667
02195
08800
09584
06956
00055
07350
09413
07434
05657
02007
00606
00425
00683
06692
04504
03891
06734
03850
03114
08748
08441
08958
03043
01735
01149
08469
07059
08045
05623
01596
05247
09722
09217
05276
09487
00956
03205
08054
09832
05831
06449
07606
08832
07197
09820
04437
08802
07865
04775
00812
03525
09913
05468
02769
02589
08259
04193
04802
05222
01539
08344
05679
02171
07065
04846
08719
08388
03113
06328
02693
08987
09616
09653
03451
05040
01365
01786
01576
00778
08670
00439
08680
07198
07627
06046
06614
06919
05862
03561
05019
03143
03528
05989
02729
02695
08731
02845
03423
07885
07979
02261
07849
08706
01645
05337
04261
07613
02773
00706
03868
04387
03280
09682
01259
02739
05750
06020
01520
05776
05492
00264
09092
06359
05419
07061
06282
04830
02780
04157
01223
04244
00588
02099
01189
08922
08474
04276
07709
09158
03344
02113
05706
02110
05435
08820
09336
05110
02364
07965
06293
05614
01726
06622
03387
03035
05381
01606
08382
05714
01632
07850
02660
00068
08584
00524
04239
07427
02107
06305
06081
04735
02264
06126
09683
00982
02434
06155
07195
08730
07099
08014
08118
03138
05391
02914
01971
08865
01022
02048
01927
08073
07488
07761
03946
05189
06904
06532
05078
06193
02983
05200
06656
07456
06518
07394
06947
03055
01744
07775
05878
03301
02076
00545
04373
04272
06959
00335
09113
02471
06637
03889
08458
01228
03384
04364
07359
08169
03377
00435
04446
06574
02908
06087
07282
08519
01875
09090
01246
04833
00563
07677
02474
02430
01653
03755
02552
05880
00927
01206
00521
09577
06042
06306
04327
08743
09024
03934
09604
00226
06844
03571
06965
03039
07515
08782
00038
09969
04031
05994
01111
00328
08704
05842
02816
03539
08315
06342
07027
03212
09381
00872
08908
05467
07199
00007
02521
06898
06163
06772
05311
00430
04429
02809
04702
05655
03261
05250
09011
04581
05953
04535
04601
03158
06314
08991
00871
01721
03102
00213
00285
00189
01626
07654
01659
00825
07908
01977
07661
05759
01584
08803
05238
03942
03597
01828
03422
04800
00859
04985
07747
00752
05865
01018
02863
01275
00932
07930
02965
04413
00714
07647
08979
05369
08640
04724
04957
08657
04689
03380
03854
09580
04861
04682
04740
04565
02814
02168
04118
03794
05195
01435
03350
04936
09386
01412
03210
08886
07536
05221
02607
03062
09279
08999
05305
07656
05853
09107
05540
06655
03463
05484
09715
00618
02895
09741
04371
06106
09275
08735
03299
04365
00579
09309
08893
07739
08980
03259
09433
07978
00449
01988
01494
08658
08363
04969
04654
08933
01826
06550
08907
05472
06792
00907
03491
06410
05257
07017
08120
09874
05649
09518
09476
04637
09053
04641
09606
04855
03947
04382
04879
09294
02459
09418
00498
02363
08515
05206
05636
05817
08450
04362
02904
02605
06462
07443
05428
03132
05360
01679
07648
01559
04421
00800
02740
04620
02371
05182
03225
07244
02018
03180
00981
02802
03252
06923
03203
01563
04264
09960
08376
07269
03226
01650
09140
08308
07964
04174
04355
04511
04744
02182
05915
09873
01863
09254
01260
01060
04335
08482
04567
05673
05490
08095
09108
01840
06338
01261
07685
04759
06681
00943
03763
04976
04651
04851
02189
06047
01769
00127
07928
04037
09686
09875
05315
05431
02294
04347
04597
01510
08645
05290
00261
00862
06349
04540
04022
06258
03172
05589
07524
09725
02917
09689
08513
08949
09864
04612
07381
07339
02384
01904
05906
00243
06819
07769
02472
03110
07776
09643
08078
03015
09621
04820
03254
06045
08643
07809
03936
08333
02701
02000
08104
03604
03279
00891
01399
01112
07823
01414
04708
02479
07144
07005
08625
02508
09737
07640
00613
08745
05902
01294
08547
02866
08121
00230
02782
08480
05517
05710
07230
09134
04011
05163
06896
06705
05347
09798
00779
00531
07983
08921
00035
06286
06249
00732
01276
06859
01118
01225
05032
06713
07011
07955
06289
02425
07329
08811
09623
02043
00456
02062
03170
06515
00228
05303
07969
03510
03104
02465
05845
07175
09211
02380
01624
00065
08722
03455
02784
00233
04579
09696
09067
07419
04675
01194
08892
07318
07211
02675
00308
06951
06984
05795
03784
09546
09679
03209
05717
07098
03390
06629
01258
07085
01180
01985
00780
06396
08500
01003
04184
08772
04909
09538
04626
05512
07330
05022
03732
02396
02569
07719
02015
08728
00919
04538
07083
06658
03654
06024
06605
05264
01896
07256
07755
05683
06136
08403
00514
01108
07701
04703
00410
00849
06140
03184
03457
05489
02194
01317
05008
08826
03950
09170
07245
00517
01213
08707
03895
04945
06627
05277
06718
08715
00093
07756
00216
08679
01448
00507
01608
06878
00887
06902
09325
05608
04866
02240
00906
07800
01908
02804
08167
04673
06415
03550
02213
05380
00616
03496
04858
06234
03358
04062
09490
00933
07447
05180
05371
08580
07314
05509
08623
04398
05389
04785
04319
08838
09248
05147
07141
03201
04500
04672
03473
04953
02596
08616
01067
08523
01978
03027
02815
00122
09267
03019
03388
05868
00645
09117
07982
00173
06583
07276
06413
01312
06864
00520
05460
06887
08686
05599
04271
00693
02766
02655
05470
08063
05312
09657
07069
07238
04940
04978
06875
06669
06321
06507
04547
05121
08091
09114
09424
00396
07564
02511
07114
09954
04699
03884
01661
09672
06903
02683
07600
08160
00786
07683
03080
01943
05299
00731
08293
00313
03100
09499
08468
00946
08754
00158
07995
09109
05825
09948
06301
02051
01336
01113
02832
05769
08869
07705
00813
06595
02710
08708
03255
09429
03033
02777
02429
02220
00635
04465
00767
09236
00437
01420
02651
08535
00574
03885
00698
05678
07948
07367
04895
07480
06926
03512
02783
09115
05398
04117
06503
04148
08852
08511
05965
07227
05002
00692
06191
09071
04948
02295
06979
01642
03160
01524
06150
09887
00556
00890
03108
00048
01920
04506
08456
01427
01014
09341
05594
01660
04227
09474
01590
00070
02950
06708
05093
03321
00034
06341
03860
06969
08874
09902
06224
05662
07717
05586
05624
04002
04378
04366
05546
03982
06090
03150
05331
06719
01109
02854
08965
01153
04478
08805
01380
09695
00003
04941
03275
02106
06488
04862
07507
02038
09636
08026
03324
01353
03370
09098
02794
04288
03504
08223
04658
02208
08455
07183
02078
05716
06031
08867
02232
09361
09467
03575
05370
04310
02300
04986
01141
07770
06784
09167
07942
05567
08375
07404
01692
07226
08620
02705
01955
00082
07397
01359
09212
03754
02817
01077
02656
00311
00503
09704
00967
09204
06592
04342
07827
08491
05558
00193
04848
04351
05693
05010
05956
03099
03786
07219
06560
08701
05559
06161
09389
00484
02997
08352
01147
05789
05757
08938
00633
06634
08671
06721
00847
07795
03140
01572
00297
05014
08526
03611
09964
05462
09274
06401
08489
07644
06099
05707
03631
04253
00087
03620
05116
09242
00969
02320
08447
09299
00174
08558
05075
04168
05178
08703
01169
08969
09979
04598
09663
00782
01241
02225
07204
08912
09802
04461
07267
07884
01159
08284
09646
00167
04049
07364
04789
05015
09249
04016
06013
03973
01924
03263
00525
02117
06041
04853
02872
01669
03285
00824
07765
01485
01853
06938
06580
03554
08744
05729
08879
01051
09745
05310
00536
03869
05860
09821
09153
02070
00726
06159
04369
03701
02343
04583
00366
00408
02136
06481
08246
07416
02470
06900
02974
02587
06280
06119
01080
01724
00999
07119
05885
02326
05482
09411
03144
06694
06512
09791
09183
07556
04209
01456
00646
07595
03337
06214
05996
00180
00220
02473
00549
09154
08033
06429
04306
04928
00058
08741
01376
08932
03811
05142
07636
02620
03902
07941
09710
07699
07365
05020
09702
05212
08351
03141
08666
04962
03076
00377
01166
00581
03192
09840
09872
01033
04035
06654
00796
04305
09856
01191
00363
09990
08404
09904
02406
01418
09527
01214
00473
04427
01574
09225
09052
04618
08000
05377
01518
01367
08006
07449
06027
03518
01767
02290
00835
02890
04502
06930
05203
08750
05846
07064
06746
03873
04459
02838
00096
01468
00060
08567
09924
08693
08067
08884
08393
08721
01686
08972
06888
07947
02387
08760
09360
00703
06245
02265
00182
07134
09991
05063
00690
01091
03940
03343
01417
08507
03428
09392
03783
05606
08226
02638
07578
07425
09923
09445
03481
05870
09907
09456
06717
01034
01717
09088
03439
03383
02561
03932
07783
08502
06405
00764
00759
04425
01490
03253
06874
00679
08579
08757
05921
01597
06927
00057
05501
08989
06482
04123
07179
03560
06715
06825
03312
00085
00593
09762
09255
00869
08272
04645
04475
01229
03538
04099
01949
06343
01409
03740
06712
03286
04247
06270
08845
02138
08465
02694
02466
05210
02885
06506
04412
06049
00901
04133
02212
06690
09261
01231
01205
01024
09157
06803
01533
06202
08195
06473
06412
02086
02902
00904
09512
04659
03401
02743
03546
00231
04217
03408
09593
02223
02155
02077
06276
08332
00139
09942
00162
03580
00123
03434
07968
09224
07671
00620
05322
04161
09286
01989
05937
03234
03507
08894
06110
07190
03841
09048
06586
04517
06933
09808
05852
09549
00194
04777
03651
08153
07003
09735
02400
05478
03592
06423
01190
05283
03979
06657
02513
08437
01864
09448
06763
05296
04026
03867
05300
07585
05012
03996
07469
07773
08024
05843
01424
06478
08277
01700
09151
05233
07986
09045
00658
06935
09241
01351
08821
08529
04059
03038
01105
00107
05241
05375
02894
06811
05261
02139
06796
08383
03685
01250
05453
03065
08142
06509
00364
06028
04436
08316
06604
03317
03251
08374
09142
06710
09193
01390
07079
03771
00641
03717
05933
06006
09662
05819
05919
07543
07068
06398
00857
02322
09567
04678
04130
01450
04311
05025
07780
02787
08406
00457
09057
05934
09884
07237
01953
04235
04066
05550
04289
05752
00632
09208
09698
05761
01535
09853
08170
07338
05963
07589
00573
07816
03017
08164
04970
09885
08207
03228
06687
04176
06929
00848
06333
01093
07641
01286
02310
04836
07681
02912
08534
04660
01561
07135
03669
00438
09038
09868
05922
03327
00508
06469
08260
06424
04548
01795
04975
08998
05254
07285
08624
04943
01757
07546
02037
04404
08361
03134
08059
01220
04906
09742
00332
06117
07957
01734
09719
00011
07231
04321
07142
03242
03005
07390
01462
04924
01969
05420
09234
02341
06277
04844
03816
00492
01137
09667
02020
08168
06522
03746
07311
02707
04137
03416
07422
08128
04340
01846
01410
02716
01012
06806
04972
00868
02034
02079
09177
09380
03220
00252
07437
04251
09148
00719
01428
04012
07124
09936
08537
06840
02929
07856
04034
03425
07354
00321
01681
04536
04158
06453
04188
06793
01386
07496
09161
01287
06120
04683
01395
06239
04746
07223
07224
05185
09573
01549
01406
08021
07581
04688
09641
01177
05414
00578
06408
04431
08202
01313
00315
04256
04214
09586
05423
05556
00577
03296
05071
03627
01148
02448
01702
01860
02397
08662
02824
06994
06943
05223
09155
01881
01585
06684
09618
00079
03206
04380
08411
07259
06670
05465
00298
07880
01891
02901
02862
03679
08819
00331
06472
01346
03958
06934
01770
04381
04268
02085
03365
05847
01514
04648
08688
03048
03619
04701
01433
01237
01464
05946
09744
03509
07563
00597
09929
00964
07779
07207
07295
08197
02019
05854
07751
02075
03121
06770
03542
05745
04328
05059
09238
03494
09955
06766
02002
03125
05797
03122
09754
07698
05777
04910
03117
09019
08385
05782
06237
04476
01124
05151
00427
02275
05458
01639
08875
04368
00585
06946
02377
05810
06563
05519
04700
05681
00722
05252
05258
03852
03442
05560
02157
02109
05751
03391
03778
08452
03233
03288
07320
09984
02258
04795
01897
06542
04086
06251
06867
07559
03707
03182
03643
00147
00823
01947
06296
04811
07283
03871
02936
02368
00510
07163
04225
00587
02674
02133
08064
09891
02661
01817
05733
05348
01318
03883
06323
07307
07814
00033
07110
02047
07688
05748
04397
04647
02306
04968
06567
03480
04774
01665
07797
03770
00015
05345
06493
02323
00115
09230
04589
07360
03943
04865
02959
05823
02527
02891
02260
00851
05361
05894
02907
02366
04711
09780
02163
01641
09748
02853
00814
02357
05876
08614
04677
02097
09455
09829
08464
02985
07777
09594
00502
08660
08188
07984
02510
08011
04480
06088
08132
03129
06780
03722
04728
09482
00923
01184
02145
08488
09001
05601
03682
09547
08837
00322
04135
06838
06153
03283
03268
05834
04721
03663
05696
02202
09421
06543
02206
03777
05168
09758
02712
06143
01544
00526
06232
04245
08621
02671
05245
00480
00516
05783
03346
03821
03692
08414
01489
06383
04433
08129
02579
04533
00397
02578
00422
06731
00181
06729
08872
02706
07288
04143
07212
04052
04416
06861
02737
07158
00769
02531
03534
00947
08711
05155
07421
08644
01252
06982
06465
01530
02514
02389
09422
08747
08503
06612
02972
06700
03880
05523
02352
08927
01545
02374
07898
02032
05780
03645
03647
01062
03928
09909
01522
02574
06520
02204
08337
01495
02286
09101
00151
07272
09051
06790
08068
00462
00061
04646
06315
09706
02713
00036
09240
05440
07448
03276
05384
01193
00081
07894
04363
00050
06187
01306
05243
01820
05150
07078
06500
01016
03819
06225
01870
02180
06212
07294
02841
00072
03126
01255
08549
05917
09084
06387
04534
07022
06285
02270
04236
02719
04810
09124
09453
07406
02944
01344
09555
00249
02407
01471
04623
08334
03502
06968
01247
07347
06644
07553
04929
09184
06892
09776
07963
04916
09818
08985
05483
02420
09245
06894
03614
04185
02177
02822
08490
05807
04568
05581
03753
05157
04309
00725
00893
05952
01253
04707
05499
08570
08699
08775
05079
09364
02127
09303
09096
05785
07664
07549
04304
00821
00998
01493
03925
02333
09477
05422
06618
00236
09785
06748
04819
08252
01578
07200
03876
06941
01936
02418
02826
01008
02289
07602
05754
08667
09763
08963
08956
06373
07258
04088
05732
07241
00262
06186
03601
04696
04905
07864
03378
06530
00811
09295
06197
03622
06005
01442
09229
06794
09862
08216
01824
06668
01381
07408
01082
02528
00882
08295
02242
05856
03927
08242
08902
00691
05165
04931
03728
04694
09059
02082
07208
03847
07125
04529
05526
01603
06254
06312
08910
09628
04553
08356
01882
09491
03658
01504
00944
03686
03298
07588
04643
03420
06091
00288
02920
05553
00251
06827
01372
01036
07264
07174
06769
02649
08434
03993
07753
06702
01058
05720
09531
04611
06263
09118
06830
09119
06019
02063
08220
07004
02877
07927
08484
05181
04242
00522
03933
02568
03785
02039
09854
01610
07428
01452
07363
08753
00059
09705
06457
09322
01855
00509
04537
09823
09569
01991
04278
05131
03395
06431
04091
01416
05923
05584
01004
00063
07655
04296
03224
03028
09173
05530
08850
03470
00303
01772
07460
09529
04950
05076
09989
05964
02040
04617
04069
08986
05976
06288
09218
07112
03186
07113
08433
00696
05738
04577
09877
07665
06137
08940
03364
08146
09603
07009
08797
05667
09867
07493
02966
06928
03207
01125
06464
01356
07597
09694
08440
04503
02451
04060
02423
03153
08326
00832
05835
05383
08839
06945
09333
01048
09503
09804
05950
05169
02567
06216
05507
03404
01088
04370
02551
01548
08137
08533
05256
09564
02332
03667
04297
09388
07420
06842
09916
02647
03634
03162
05686
09535
01885
00210
05173
02937
03406
02943
09976
01138
01321
02224
08661
04867
07418
04668
04569
00552
07479
06814
04891
07991
03007
04241
00534
09497
07053
01823
06726
02648
01690
02283
09900
03641
05123
02054
03197
03588
00083
01815
08321
06441
09290
06388
01917
01316
03573
05235
01281
03969
04781
02603
05576
08829
06599
07622
03944
03304
05447
08860
05137
09247
01202
03768
04273
04860
07934
03609
03779
04440
08039
04974
01711
00908
02935
02330
05896
05640
06201
00638
00884
09626
04602
07464
07537
03087
05557
07181
01586
07954
02833
04591
01302
01311
08165
09328
06458
06913
06975
09289
09201
02428
06999
07246
07848
06207
07806
08993
09041
04389
01178
02690
04828
08473
08889
07120
09899
07573
07678
04496
00822
06127
05506
09359
03315
08919
04994
00168
03070
05991
05541
01986
09498
06129
01765
04531
08560
08898
01787
07393
03116
09998
06600
07758
04849
03951
02956
06470
09809
01387
01066
05626
03600
05217
03216
03372
09009
05644
03586
04220
02031
05160
08264
02984
08724
01257
08074
09075
05814
02548
00474
07841
02664
04650
05057
04864
00206
03823
08466
05399
03742
09423
09209
04113
09349
08371
09506
02759
06307
09449
04619
05103
09794
02933
00201
06219
07591
07082
06916
02492
05897
03397
05017
05818
01201
05041
00271
09515
04057
04258
01208
05830
04989
02524
08812
00889
08890
00935
01035
08031
08349
08548
07054
03675
03699
08061
06442
09475
05193
08449
05457
08081
02103
01301
04471
00424
03056
02998
03948
02535
04233
08191
08444
03066
05705
00942
08895
03246
06183
03367
01876
01987
08418
08289
04897
00282
03152
09736
05907
03664
03733
04750
05396
02670
09012
01707
02118
08882
06516
06948
01748
05709
01890
00626
06240
01974
08934
02691
09747
04652
05988
01784
08804
08152
03655
05390
01200
04029
05227
03385
00418
08868
07533
01327
03034
02354
03181
08752
08472
01796
06704
06970
09831
03109
01825
06053
09892
04072
08192
03814
03215
06877
05176
04453
03485
03231
01379
00045
03744
02461
00017
01391
08076
02720
09559
09645
05048
08435
00962
01835
05309
08937
01290
07015
03229
01270
02837
04749
04954
09775
07794
03964
04501
01074
05117
05609
04638
03706
00899
00659
06689
09871
07731
06621
07798
02741
09292
03963
09137
07542
02068
00912
03694
03568
06973
06417
06071
03399
03044
07796
09060
03133
08186
06077
02677
09760
06043
05038
05625
03697
06072
03703
06026
07943
01065
09656
03067
04197
02021
03146
07967
07260
08225
08556
06801
04330
09032
04402
03151
02906
04664
05571
07139
01619
02057
09058
05308
01251
07239
06671
00286
07708
03294
02879
02114
02234
09383
02850
06284
09443
02846
00218
08412
03488
05607
02415
02255
05340
01910
01198
02358
08961
03506
04808
07006
02069
03069
09243
09458
06879
01546
04358
06598
01718
01188
02061
04755
03920
02446
07361
06606
01662
09106
03167
03336
00713
01135
01856
02022
06447
00856
01087
03935
00873
02222
09162
02725
00649
04038
05827
02339
03277
02495
07271
03018
03328
08124
02176
06400
00416
02536
04191
00744
05496
04331
04727
03329
02482
00350
04871
01633
07345
01245
05736
08843
06052
00757
04338
06565
07860
01656
07321
02735
05721
09739
01793
01780
03053
03414
09925
07723
06160
09304
09553
06327
04201
08119
06011
06366
09272
08767
09179
03173
07353
04198
08348
01098
04452
04890
05372
07504
08462
09345
08194
02098
04070
08791
07818
04009
01470
07896
01652
02672
03594
02116
09817
06370
06737
02386
05627
09599
07852
02612
09169
06691
06960
02928
03566
07547
04934
07844
00345
09427
09216
01115
02961
01871
09514
05613
03081
03032
04036
06356
08768
09020
04042
07611
06097
05798
04736
08936
06459
02658
08673
03079
05855
00287
07123
04481
00179
08477
03011
00741
03073
04771
00931
00420
00988
05961
01966
07389
04951
06054
00429
03941
08364
07358
01151
01114
08185
03798
05700
07828
09827
09036
04017
01644
08060
05790
06659
07638
08521
09784
01422
04313
04357
03978
05271
00676
08286
04165
06297
06009
09670
02331
03549
08888
04230
03743
00191
00987
08174
01282
07303
01238
06358
05473
04722
01906
05598
06544
01958
08641
00992
07310
09608
00358
02412
02496
05538
00402
09526
01758
04134
04377
09143
03536
02640
04483
07569
05466
01309
00227
03185
02874
00914
09442
03514
01963
01582
03681
03952
07633
06182
01155
01934
08762
04098
08043
02126
04839
06141
05350
05929
01516
03630
04875
05294
08046
08564
04196
02132
01280
03968
05365
07520
08320
00612
04558
03517
02923
06521
08924
07999
08040
09425
06322
07587
07619
03735
03107
06568
09068
08182
04714
03899
00117
01183
01296
08561
01998
09464
03521
05864
07935
00697
01716
09103
07028
06546
08530
01556
05544
07501
00494
08617
03351
02067
00663
05851
09860
02334
04917
09551
09876
05035
06908
08400
01050
09414
05497
02652
07474
07316
00654
06768
00792
06730
05051
04418
07570
04050
04267
03273
09746
01762
09958
04076
08240
02884
02857
09711
05838
05436
08232
06332
06154
06906
08429
09728
05119
05007
04886
04115
01385
08808
05260
03030
05354
04580
02439
09405
09403
04277
07417
07184
04958
02856
05485
01997
02624
08630
02796
00702
01378
03602
07721
07918
03772
03574
03907
04527
03262
08725
04490
05069
01377
08591
08287
09967
00865
08763
07235
01459
08358
04737
02049
02509
02248
06178
01579
08857
07882
09486
03668
08827
07236
05940
06461
02013
07586
08863
06146
02859
00073
02977
04284
08212
04803
03302
09182
05216
09194
07544
08878
08199
05062
04213
09773
01244
01119
06711
00187
07519
04792
00084
03051
03267
01852
07812
08275
03904
09552
02137
06172
01570
07851
05858
03725
05211
01207
01156
05580
09659
01646
06541
00975
01447
07778
02967
09125
06826
06070
05793
08280
02558
08635
09548
06511
06564
06032
08010
08147
05932
03405
00970
06241
02793
03956
07540
02774
08312
00355
02236
04299
08328
02975
04144
09165
04207
04334
07845
07754
06164
09206
01423
03716
09318
02750
09732
01041
04747
02185
08749
07871
01862
05966
02167
09901
00565
05659
06920
07210
00382
02635
08071
07484
02172
05691
09933
00411
07373
01602
05430
09176
05004
08125
01362
00217
07037
09863
09946
00475
01187
08478
00788
07156
07911
02413
09931
01666
07424
04519
06547
05442
00032
00506
06545
09751
04205
01127
03128
04033
07225
06716
02263
07608
03297
00171
02631
02755
04826
00670
01467
00242
08598
02767
02938
06336
04615
08690
03572
03994
08389
09688
02617
07711
06591
02756
02450
02606
02350
08211
03861
03874
03670
06849
02427
06571
06776
04856
08461
02125
03674
04252
00961
07398
06123
09350
07727
07277
00941
08582
06642
08600
05421
01354
03998
03413
08098
03278
06378
01133
07621
02751
00047
09825
06686
05376
06122
02999
01869
05444
06914
01996
04884
08650
03450
05363
05097
08774
05129
06324
04153
06325
07610
09210
01591
04180
05552
04015
07764
02165
03540
03137
00707
01635
01923
00687
06218
05379
07046
01430
01240
08896
02628
00190
09159
04149
08085
03508
07830
08122
08270
02696
05046
06222
03222
05881
01944
05692
01736
05533
00665
05279
02267
02385
09368
05958
09882
06764
02593
04783
09812
00712
08716
00175
01850
02211
02978
03349
01175
09080
03822
02827
04487
09505
01047
02870
07862
00605
09533
05107
04933
08143
01045
07920
07997
02772
05694
00497
00860
08409
04073
07351
01837
09841
08712
02174
09175
09709
08654
01131
04908
00005
07803
08864
01090
03530
08817
07571
02797
03163
03085
03640
00463
07512
05525
02314
06695
00916
07596
02272
07673
06932
05374
01221
09844
08687
09819
06677
00148
03781
02257
01053
00404
02761
08066
08101
09277
04020
01064
07203
06910
09348
03849
05515
04275
06724
08606
00610
09278
02005
02517
09897
04010
04621
03068
07115
06310
02682
02964
00512
07949
01049
00903
09700
07368
02888
04119
04576
07538
04204
02954
09479
01694
08652
06678
01360
07103
05904
06411
07562
09914
00737
07916
02916
03991
03995
05132
09813
05111
05321
06980
00022
07092
05018
06698
04124
08572
08810
01913
04285
02154
04877
05985
05352
06774
05253
08075
05498
07879
02190
01751
04521
06931
07431
04081
09806
04486
05920
02281
09094
08696
09563
07529
08739
07973
02262
00183
04030
08588
00023
03607
06168
09270
08514
07700
02233
07642
03955
07822
04546
08851
09471
05266
00114
03456
01136
07306
00571
08203
01713
09494
02285
09027
07376
07658
02883
05893
08012
09845
01643
01627
09291
09302
07639
04798
09624
02065
02947
04111
06798
09581
09500
06452
02580
09610
05959
01708
09284
01279
05728
08881
09880
08862
05161
06891
04842
04192
01778
03478
09466
04464
04122
00188
03135
08682
03708
00675
07107
02686
07108
09932
08628
00720
09759
02437
09579
05344
00024
04392
07412
08187
05174
04140
00197
07866
08454
01886
08019
07956
06003
03894
02515
06067
08926
05239
01509
05362
01789
08255
09561
08552
05068
06149
02736
00098
09003
00954
03376
03853
01291
05179
02757
04053
09434
03178
02147
04075
00590
06111
03689
03730
07825
01821
05346
00828
09492
00400
07160
00547
00388
09130
01010
01404
00095
09544
05405
06807
08023
06208
08925
03479
00700
02812
07328
03805
06758
06069
00532
05065
08990
00412
03660
07109
09501
02573
04283
03714
04005
03817
04423
02788
02227
07462
03303
04383
02104
08471
05199
01236
09324
07742
02734
02268
07180
04955
09000
02599
01449
05037
09585
03929
08133
07466
00586
02990
08647
05931
06391
07149
08114
04607
03844
00724
08665
03264
01798
02747
06781
06666
09507
06362
02910
00753
06185
02642
01094
05872
04979
03953
05042
02911
04332
03371
04752
03532
06344
05578
00984
09676
07690
08975
07076
05232
05802
09805
06813
07433
09693
02991
01314
00157
09015
09301
03892
06233
02146
01776
05727
07826
02336
03840
07445
09379
04961
01527
00955
08669
07785
00246
04510
05455
02505
04138
02383
06466
07960
06363
02184
06639
01295
08485
06863
01457
02871
02613
09717
09139
03553
00441
00538
06217
01915
05402
09223
07977
03564
05719
05663
08265
05275
00460
08416
07909
00155
00846
07133
06495
06179
05828
04921
06519
08109
09697
01056
05774
01042
06682
07720
09127
01752
03130
07635
08659
00403
07712
00591
09469
02639
06156
08034
07714
06157
05930
02632
08509
02072
04249
02602
08362
08042
09086
07401
07552
06660
06732
07057
08390
04102
08419
06538
05382
09729
07624
06474
04295
08263
07590
09595
04988
09943
05936
03316
00119
03791
08518
00898
02518
05159
07309
07857
09699
05948
04894
09602
01162
01613
05388
09480
01781
01274
01601
09666
07972
01980
08141
08786
06607
01431
00359
02980
07815
06392
05891
07872
07891
03987
02778
01759
08842
08824
03282
01962
02440
05096
06230
05742
08373
04903
09396
00983
09168
08172
07914
03578
07772
05118
06308
09810
00006
01070
05289
00273
02041
00642
06623
03090
09777
02122
02684
09419
09065
01348
01481
02179
07593
06549
09615
00900
02830
00681
01688
02454
03893
04937
07370
04868
05528
00275
00223
02207
00742
07026
06281
07337
08809
07164
07508
07153
01709
02545
00100
05983
05265
02422
03917
02546
07355
01037
05712
01930
01215
05486
03665
05262
00274
04090
06142
07293
09135
03719
07399
07617
09481
06443
05763
02597
09308
02861
08555
08566
05863
09681
01515
03403
01696
09281
08608
03882
04041
09687
07185
04806
05999
00012
09237
08136
06253
01185
08954
08493
03857
02273
02478
02519
03359
09326
04745
08784
04741
01006
03237
01101
06348
08110
04915
07831
03393
06389
06304
00371
01152
05070
03159
05240
02630
07008
00110
08903
00301
04322
00685
03148
08947
04006
03700
02046
01929
05190
04337
08536
03691
08883
02468
00980
00092
07786
07342
08134
06018
06380
03084
05658
08629
08964
00372
07679
08020
05537
01052
00361
01542
02940
01710
00256
03281
06636
02564
07704
06460
08381
08084
02610
08915
05772
03636
06533
00253
01157
09898
06499
09435
05426
05832
05005
09023
04495
05724
09282
00305
01593
06089
01791
01844
03340
08499
02836
06165
00667
09866
05418
05432
06939
07073
01562
01129
07033
07748
03831
09639
04572
05765
01523
09953
05995
00423
07832
01975
01331
01536
09330
01531
09420
00453
05439
06393
07430
03527
09244
05183
08300
07628
05089
02791
03433
06761
07468
00604
05406
08394
02779
04257
07023
01413
05044
07497
04121
04000
08016
00044
01911
04900
09438
08303
03661
04450
01697
06394
03788
08551
04294
09314
01612
04971
09855
05317
04441
02897
05146
02958
09816
00736
08112
01011
06572
00089
02156
08899
03603
09257
00921
00806
08967
03082
05215
01361
02228
06162
08231
09582
03977
05508
06566
06034
06229
02486
03793
02760
05967
07096
02718
00817
00805
02164
08288
03799
03300
02027
09554
02302
05982
02533
09010
09727
01577
01819
01647
06331
07331
03800
01426
04292
09835
09542
04942
04684
09834
08664
09447
01802
04719
07561
08319
00558
04784
01766
09680
03374
09749
09150
06561
02218
04984
00309
03887
07229
03824
07296
00124
03738
07732
01389
00255
07020
07457
03454
01339
05255
04269
01216
02538
01075
09851
06709
04110
00634
02799
04409
07921
00937
05049
00481
05329
08528
04092
02653
04632
06944
09539
03912
04838
08681
01402
06262
03659
06872
00137
05618
08299
07472
09755
06501
03003
01501
07819
04497
00673
03466
02199
08689
00177
01096
05812
07837
02685
01589
09524
04162
02370
09769
01950
01429
08215
03238
07191
05234
02162
03157
09655
07106
03613
01907
07498
05941
06319
00816
08545
06260
03690
04146
02064
08088
07385
08602
07492
05513
01760
02209
09489
04901
04484
09878
06996
08599
02463
03419
02254
02411
02619
00621
07839
01439
08773
02024
02484
05364
01620
04101
02231
08476
04794
02994
08694
05092
01938
04058
04406
00709
03318
09733
01964
06430
06611
08935
05052
03248
08710
08038
01057
05152
09250
05816
09972
07024
01217
09122
09661
04164
01254
01040
03014
07919
01038
07340
07375
06471
00580
01738
06993
05023
01743
05109
05263
06125
01691
00991
02442
09332
06539
01432
05731
00344
06767
08107
06371
09574
02726
06184
08298
04526
00270
05741
04544
02714
07847
09120
02421
09111
00864
05711
02316
05760
05849
02995
09181
07127
04171
02588
05650
04447
09207
08237
01486
09323
00568
04709
04339
04878
03759
03002
02023
08196
01326
00376
07476
09132
06404
06246
00105
07917
07710
01249
08619
03497
00660
04991
04555
07782
06740
04008
00913
03295
00185
00795
07452
02246
00708
07356
07824
05661
06434
07506
04094
02979
05099
07461
05055
01517
01374
03914
08089
02485
08451
01015
07686
09066
02996
02604
01508
08977
07607
03417
06862
03486
00379
00671
02659
05314
04145
09131
03760
00195
08297
03239
05666
00130
02708
00054
00440
02059
07263
09055
06742
04947
04472
04345
00629
03241
05555
04202
02360
02554
06250
06997
08648
00537
05768
04843
01592
03756
07616
07933
08787
08111
09669
08317
00257
03556
01967
09588
09141
06851
07996
01792
03136
00126
04600
01500
08327
08269
00598
02555
01421
06058
00320
07925
06824
07048
02410
08575
07039
04457
05145
01158
08108
02801
06848
08691
01540
07435
08305
08241
09253
01505
02867
06955
07740
08097
00905
02445
02345
07002
04693
06272
00874
04333
06741
05409
01476
02071
05521
03308
02501
08396
05504
08506
06107
00766
09468
07787
02252
01630
07136
04131
06012
03878
09999
01861
05634
07131
05574
00241
09941
05060
08905
02480
05551
08656
02582
02886
08948
08982
06477
09156
05219
08130
05072
07574
06420
08331
07489
05201
03284
06579
09285
05927
03290
07944
05804
03427
04274
06964
01604
09260
05583
06213
00245
06833
04004
04473
03049
05000
09226
02764
07254
04469
05192
01621
09920
09971
05050
04697
00399
05998
02435
03764
02927
05899
01454
08909
04603
03095
08734
08310
07379
00471
07483
02703
06836
02865
03001
07436
01373
07531
09589
02571
03123
05373
07750
06255
04438
09792
01600
08822
05274
08131
04229
03531
01879
08943
02477
04829
02259
08761
04769
04831
09822
01338
06881
08249
06177
02093
08633
06907
05494
07696
04361
08906
06455
06609
03240
07228
02158
03971
08155
01728
06076
00787
08218
05284
01027
09788
06590
01461
02152
06559
07001
05280
01059
06064
07081
01511
00283
05690
08428
07594
06044
01851
06078
00518
08422
09457
06531
07530
00293
00267
08841
00877
00384
08051
05808
01364
04065
07652
09944
00431
06484
08781
00608
08166
02654
01498
00820
01100
08370
06524
03638
06703
00701
01073
07490
01234
01460
02498
03529
06835
00064
06602
02181
08420
05058
01304
03960
07182
04554
09317
07478
06252
00419
01617
06074
02460
02512
02404
08330
04757
09888
07031
01804
01469
05448
07650
04401
01055
04691
08859
01636
03877
01873
05475
05122
09712
04530
00455
07922
04150
05302
05820
09126
02663
06989
04634
03431
02771
06751
05338
01474
09315
05330
04405
01196
07609
00370
02469
04870
00176
00037
08093
02758
09069
01288
00391
06679
06585
09121
09908
02414
00647
02161
03926
06802
03415
06023
02732
02563
09129
07987
07097
04523
00008
09099
08607
08106
06884
08746
07971
09774
00854
09649
02754
04386
01163
08626
00672
08056
00798
00387
03879
09850
05575
05628
01031
02905
07868
02687
09463
08430
08550
08002
07966
05030
09004
05138
07736
04014
01023
06257
03858
05028
05773
06439
01803
01392
00915
04938
00505
04666
08914
02805
02141
02520
03199
09026
07322
09104
00617
01308
06450
05621
06266
02680
03986
05591
09949
03342
03581
02198
01701
07202
09144
05942
07253
09974
02893
09342
03598
05246
02355
04420
02919
03855
09635
03750
08424
02325
00165
05703
03436
09035
00979
08309
07439
02522
00146
03330
00801
03127
02516
07757
02697
07377
06548
08542
00454
05913
04159
07598
01383
04426
07251
02835
00330
05080
07629
04590
07240
05630
08632
04281
04760
01857
02307
03618
02634
09510
05723
09006
01672
00076
00101
04993
05230
05434
08037
08208
02101
03924
06745
07080
00128
03962
02898
02303
08115
00745
08177
01482
08062
01503
07372
01960
02309
04949
05487
01132
05665
04417
01567
07634
07409
07959
08094
06203
04316
04509
05939
09428
05568
09782
08329
01814
02730
04231
08492
01894
02405
02709
00948
02873
06575
03443
07459
06238
00902
01683
07189
05784
08460
09472
02544
02266
08966
09677
01729
08072
06454
07067
08553
05207
01872
09591
08057
06139
01595
09305
09426
04692
00450
06723
00186
05394
02298
03922
06326
05984
00842
03052
01363
00160
04557
03635
09488
07784
01847
03447
07374
00088
07042
06228
02889
08801
07670
07833
07252
05879
01888
07744
00258
03653
05488
09401
02625
05743
07792
00464
06788
00894
02981
06022
03166
02292
08442
00730
00791
07976
05527
07838
02087
00374
04896
08495
02100
06860
06667
09826
01673
00567
01150
00013
03088
01487
06236
03646
07575
05115
08655
06339
01883
07707
09387
01375
04356
01232
08770
01496
01320
03975
01553
05604
01754
05095
04507
09622
06909
00794
02742
01233
08229
03721
03970
04570
05676
09752
02969
03834
06483
03672
06309
07014
03642
08221
04983
03235
02500
05740
07726
03616
01575
03807
04543
08585
05128
05635
02200
00883
08438
09630
00600
09870
09199
01256
02727
08323
01032
03145
07774
05351
03789
05648
01179
05622
01573
07400
01889
07902
02188
00074
01637
09313
02813
08200
05787
08928
00559
02441
04551
01492
04350
02210
00945
03310
00793
04952
07463
01440
04814
06797
05133
04172
03309
01675
07946
08546
01807
05367
02036
05162
06625
06514
01333
09761
02539
09384
07993
06299
00627
04515
03214
01866
01594
00383
05188
02775
06158
07566
06650
04359
01722
06674
08825
09484
04644
02153
09915
00607
01521
09987
09116
06603
07362
00300
02786
03074
07813
07216
08720
06528
02296
06433
01340
08253
06631
04657
01554
01676
04766
05944
02948
09331
04919
04639
00169
03541
09952
00393
06438
08758
00827
08970
04622
01999
00897
01537
07579
09811
07451
06292
02988
07161
08695
02056
09393
05301
01334
05708
08674
03313
06869
01583
00624
09077
02689
09356
06990
03666
04823
01176
05882
08184
02035
09619
08795
08981
03511
08459
03731
05401
09415
01648
06733
02186
04787
01677
00977
02017
04443
05456
01299
04845
05747
05437
03026
09502
07291
09865
08714
08532
04128
03119
07062
08994
02679
02549
00785
07962
07659
02393
08732
02662
08737
07495
07071
09246
08709
00566
07126
05911
03064
00723
05446
02608
04308
03190
09950
02752
06421
09957
01484
01979
00339
02645
04083
07618
09847
07299
06672
08178
02892
04054
08971
06372
05674
06648
07162
05226
01507
04627
05844
05336
02276
08201
07980
07176
01788
05562
00850
09473
08245
08510
09049
07657
00299
01017
05660
01122
03557
00950
08848
00319
02375
03000
00338
03438
04625
06468
00351
08612
06066
01370
03465
00296
06273
02537
01895
00317
03775
04462
04661
00219
06335
06195
04136
00756
02124
06722
04904
09406
00240
08496
05554
05986
09516
06124
03432
08799
07308
01267
08595
07432
09750
05848
05677
08154
08486
02553
08470
00640
00949
02362
08742
06418
09550
02562
04882
04818
07500
06330
01801
04349
08058
01104
08855
00995
06855
02090
02277
00401
02970
05433
07152
03656
03411
04116
06810
05549
02014
00668
05108
00342
09306
04375
05619
05840
00479
06334
07052
04996
05451
09372
07378
01072
00229
04628
09256
07388
09222
00069
03915
05888
05895
00156
09013
06007
05359
01948
04085
03164
04027
04959
03555
08776
05610
06577
00075
07534
09738
01859
02637
03570
01816
01446
08322
00053
00715
00583
02247
03989
09778
04175
08082
01937
05073
00365
02196
08904
01210
00354
06635
09633
08206
02060
04442
02806
08676
01086
01046
08009
06725
00875
09007
03430
01526
09377
02831
07029
01021
05543
09815
05596
08008
03493
03426
02226
01212
09016
09478
07901
00888
00018
03938
01893
00487
09147
06744
09189
01239
07262
06491
00214
05684
01323
07623
04307
05647
02456
09451
02143
01269
09940
04200
03710
02490
06456
10000
02115
06553
07333
02392
08290
05292
09235
03921
01693
08103
07056
05343
08004
07843
00544
04573
08677
06893
03469
05036
07945
00386
04499
00161
07572
07402
05034
05269
07475
02128
02960
09766
07383
05511
07684
00768
01952
01843
00212
01800
09640
05154
08622
02673
07614
03320
00546
07716
00389
08952
07470
09087
08427
02986
03008
01444
01569
02798
00164
09441
02560
05970
04320
09724
00815
02467
06000
08366
02219
04671
03319
03624
00727
03041
01995
04114
02491
04470
06188
01687
02398
06444
09903
06624
03487
05054
04588
07315
06445
09966
05307
09528
06025
01343
03870
05026
04592
00428
02932
05704
07913
09986
04898
02881
02123
09034
08494
01473
06714
07157
07858
02239
03801
02921
03856
07116
02860
02304
05799
05027
06554
06818
09293
07232
09838
00804
05803
05749
07599
01126
00761
04604
03726
00530
00304
00657
00468
02131
06799
01292
00650
03418
06777
04563
03745
04595
06244
04314
07799
04181
06131
05417
07974
02095
00986
07304
09146
03864
00648
00324
07154
00826
07423
06837
09399
01277
01192
08539
06871
08968
09795
04064
01368
01740
04977
04152
05806
02844
01618
02388
03548
04142
09358
00592
05597
06167
06832
00750
06823
03360
07366
07878
08149
05669
05600
01419
06890
04782
02842
09191
04160
09997
04393
08653
09764
02668
05366
03472
08367
05871
01968
08540
02080
02810
00447
06080
06805
02494
08354
04723
01682
03589
00458
09300
03812
09654
00802
01568
00971
01044
05753
08285
00774
09558
09530
06211
09600
04449
08092
06557
03156
03595
08408
00232
09692
05762
01123
04911
04748
09675
03813
05972
09779
02762
05167
01358
01940
00662
05642
07117
05837
08448
08100
04372
05408
09783
05924
01663
09160
04629
05413
01211
09534
00360
08597
02592
00014
06316
01441
03103
06594
05529
04263
05938
06355
00204
01030
03930
06918
01615
08573
09028
08835
05829
07734
05125
01350
07249
06971
00963
03004
06386
03243
01079
04089
09765
06151
02372
04223
09190
04232
09297
00131
08036
09517
06248
06403
04840
04801
07405
08577
08325
02346
07937
08479
04262
07486
07888
09258
06540
05918
00754
02489
05415
03503
05726
00211
04455
04155
03523
08880
00909
04444
01739
03355
03060
00149
07554
04492
02311
03829
00375
02203
05291
04730
09894
02251
03249
09343
06170
05973
09634
09050
09337
05358
03837
01199
09408
09803
07281
08235
05130
06346
09906
06720
08950
09335
01564
04946
08401
09962
05889
03219
02876
05758
08856
05801
01145
09047
07728
06148
08070
09846
03046
00746
05094
01992
09910
02008
08138
01689
00917
07214
00678
09402
09837
01007
09959
00489
01951
01925
04564
06651
07021
06489
08193
02688
08384
06743
09082
04817
01342
09410
05278
03949
09432
06426
03272
05980
03202
05949
05811
09136
06227
03748
01538
07172
05353
09734
07637
06010
06073
07932
00523
02926
07369
09446
02657
06815
09298
05653
04077
06422
00589
08105
08544
07583
00853
08311
03516
07905
09081
09836
04965
00448
00834
02175
04056
04599
02026
08213
02245
01547
07324
09708
07286
03657
07130
00807
00091
00145
09678
00885
00434
08397
05620
00090
05836
00019
00421
03808
04674
09352
07539
00133
04498
07915
07063
03389
08238
05969
07522
06925
07601
08959
00561
01160
05588
08569
02215
09138
03188
04221
00113
07220
05087
08785
05236
05416
09074
04779
06791
09039
05617
02749
04270
04156
07387
02221
06527
04346
06490
07975
08816
02557
00046
01954
08417
04550
06578
03025
07407
01916
09572
04758
07630
06291
07567
01519
04326
08609
09590
00747
05689
04047
00922
08755
09787
03492
02930
09637
04395
01352
07793
04799
06152
09100
01970
05947
06037
04259
01242
08467
01878
06812
05172
06235
01918
05764
04222
07012
03305
00694
02887
06808
05306
05298
03341
01905
08913
03483
08792
00553
02003
05392
05943
05641
09701
06021
04813
08527
06962
02823
03881
04428
05191
00763
05086
09367
06135
01248
06204
00263
06673
00740
02583
00699
00390
06613
03758
04376
00818
04556
06616
06395
06290
07502
05043
01434
09703
05407
05214
00594
09605
09316
01165
09404
02951
09340
06569
03965
03335
08663
01834
04922
02869
04391
00039
03845
06265
00026
09890
04981
04367
07242
06582
06587
02711
09044
06295
01836
02575
07313
00603
02452
07494
08861
06369
03169
01818
08055
06463
02825
00543
05272
08729
04869
01698
02347
08318
06665
09935
08368
01580
03021
07953
05813
01541
05187
07395
03802
06800
08830
03112
04850
01083
00491
04586
07233
03629
03373
07380
06555
06092
01892
04662
03174
04388
04980
09895
07580
09105
07961
07215
04585
09394
02197
02721
09496
01902
01438
04106
05695
07516
01763
04240
00920
09993
03803
08559
05021
05524
05357
04195
03189
04100
03410
07010
03752
05687
05006
07555
03537
03605
03444
09980
03820
02253
06663
09078
00789
03023
05926
05136
05164
01829
09362
05502
07651
02900
09790
08047
00928
02444
05978
06685
06576
00839
03083
09123
04939
00259
00866
06529
02178
01110
00357
09629
05459
02417
08769
00337
01810
09963
01808
08611
00028
04982
06467
06727
00314
00968
06846
00417
06537
07325
04698
00395
08586
04315
06880
09522
00704
00159
08254
02280
08032
01186
05912
07805
06570
08601
03729
09354
02274
00611
03712
09905
00852
00353
08631
05064
05114
00783
04995
08777
07715
07861
09063
09462
05378
05024
01106
04635
08250
07829
09921
00326
00009
06995
00996
00695
08274
06093
07560
06353
02803
02112
01581
09202
08005
07150
03825
09504
07302
02088
03782
05668
05443
07305
02529
09537
07703
03890
03361
00446
06632
02497
08443
05074
09713
03587
06940
01218
01742
00863
01310
00765
08554
03332
05242
00760
01337
03101
07278
01730
07612
03353
00513
09556
02939
02594
00106
00406
00461
04753
03966
00295
06905
03474
03626
00346
06376
08018
03256
06854
08833
04186
07836
02526
02704
06701
07743
04074
08096
02025
00496
05603
02403
03563
08592
01388
09994
07811
03648
04224
09578
07268
04434
09470
05061
02120
00845
09263
09674
03830
08049
07869
02722
00550
04290
06870
06166
08395
02458
06108
03357
01020
00248
01731
04686
04841
05737
08844
05735
06498
06015
00562
07019
04419
08176
09076
00415
03981
05914
08030
04109
08517
08001
04524
01874
09461
01941
05616
06921
08175
08813
00103
01001
06820
09219
04468
05637
08944
08127
05542
04046
03662
02084
08988
00452
03628
01305
06735
08678
07485
06063
04676
01658
01737
03551
07643
06641
01480
06662
03348
00040
06589
01811
05066
09085
04482
02353
06340
06841
07035
01529
08283
00858
08343
01745
04390
06145
06866
06085
03633
03906
09412
03218
05412
04528
01407
09133
08718
06494
01867
04761
09541
06897
00652
02305
07509
04665
05033
04963
03520
06425
02800
07491
08723
08339
02534
01723
00170
09374
07835
00154
02149
02312
03089
04960
06958
04182
05987
05866
00043
08357
03461
09768
00777
03931
00239
09460
03558
09430
05395
07319
00066
02235
06194
05898
02941
09571
09203
02160
08345
07950
01733
04477
06630
06118
02191
07584
05441
00021
00595
09934
02586
08765
06643
01172
09642
08189
02915
07384
06367
07929
01167
01981
08035
09271
00758
03409
02731
07807
06882
06839
07038
06963
09509
05587
07745
07855
05148
00554
01324
03459
00172
05633
02955
06004
08846
03366
07279
04218
05671
04318
08738
07147
09525
06144
07763
06001
07178
07454
01912
09922
05334
02288
01144
09614
04559
04816
04920
09565
06988
08359
04522
03171
00762
07255
02503
00225
04944
01714
08391
08759
00978
05539
04742
02855
06060
06876
03888
05670
04303
01095
07694
06451
04432
06986
06828
09625
04892
07863
04824
01749
04126
00936
00477
03029
02629
00289
09937
03063
07487
03903
02237
00974
03096
06181
01649
03765
03495
02243
06347
05788
09671
02328
09400
00120
08324
01170
05016
06133
03579
03954
05960
09973
07243
02829
03637
07155
00334
04018
08508
05112
01398
03610
01747
07674
02045
09770
08587
05535
08052
03347
05632
09772
05771
06552
03482
05316
04474
09288
07998
07842
01777
00519
06300
06115
09978
03191
08771
01761
04194
05503
01411
04927
04096
06134
01076
04640
07118
02282
03593
00881
03836
03271
02394
00209
09951
01783
06256
03211
00940
08436
04653
09276
01289
00666
09658
01813
05333
01499
04773
01293
08997
07481
05171
06728
09743
04764
08378
09881
04857
08638
07577
01898
08871
01479
00656
09312
04317
04907
08849
08102
07104
03339
01300
08145
09043
05411
00451
07138
08557
02066
09030
05295
03515
08700
05105
08854
01463
08077
05259
08150
04208
05397
03567
05664
02543
06189
02899
05056
07541
02074
07760
00990
01699
00994
01164
00637
06953
09611
02598
05013
07429
01528
04751
02942
02633
04001
07528
03476
06783
05106
05288
09631
02313
00551
09296
00930
01931
05718
02327
03913
04608
01720
00080
03859
09523
01002
08918
07514
02151
03354
05438
02851
03696
02217
06397
01271
08946
06399
07173
00367
06242
05224
01685
03739
00132
04084
03959
07791
05244
08916
05725
04518
01858
03608
04360
00142
01195
07066
08413
08565
04266
06502
06857
02214
03838
07261
04125
04636
09560
09363
04415
08162
04226
08244
04104
04847
07312
06757
03075
05861
09042
06057
05629
07411
06647
09716
06789
04228
02438
06038
08487
03806
05514
06617
07550
04541
03625
03094
00203
01973
00615
03078
08173
08649
05084
07890
09726
02946
02532
08431
05090
03232
09056
04642
06215
00686
05480
02238
00426
03382
05124
08247
05859
05992
06972
09893
00541
07802
01903
00369
01477
05088
09334
06082
02808
04587
06976
07137
09128
07025
01946
04293
00247
08911
04791
06056
02249
00208
08410
07820
02776
05779
01071
09268
09781
00352
08302
05273
03445
04080
08341
06845
08236
00625
09287
05387
00200
07523
06223
01838
05954
02408
03999
07467
06017
01121
07386
02576
06936
05177
01756
01983
03227
00861
05585
05900
06098
06102
00972
08306
06525
03583
07551
06562
09771
08268
09995
09684
02717
03865
03535
04718
09807
08053
06967
08796
05975
09095
00669
07477
05204
04107
02665
01140
02540
00016
05631
01349
04061
05053
05739
00002
08531
05067
01028
01655
05688
00738
08596
03787
04179
06427
08876
09259
01884
07440
00639
03270
03606
03500
08439
07247
03767
05901
02140
08853
07193
02081
09801
09366
03688
01103
03022
01746
04248
06313
09583
07055
01849
01408
09596
02230
05410
06287
08483
06504
06847
00803
03257
04097
04532
04374
02058
05826
03559
04055
09454
02614
06526
05565
03833
09283
05582
06428
04690
01483
09918
05153
09592
03851
01297
09566
06558
05867
04881
09945
09221
09668
06865
03097
00739
02169
02982
01371
03832
01704
06985
07148
03632
03368
04312
08756
09378
00485
08942
00643
04874
01272
03582
02828
01081
04695
04762
02565
00125
05425
06676
02241
09718
03621
00049
02924
02852
09397
07990
02499
07300
09886
07166
03552
03230
02148
02462
00237
01651
08135
06374
00833
04549
02319
02119
07049
03875
05522
01741
03194
00104
01513
02432
03323
03111
03718
08578
06517
01674
07985
01078
07041
02807
04087
07669
02618
05875
06345
04352
02105
02820
01909
03513
08267
02335
02455
08524
06221
08604
04287
09938
00466
09647
03484
02030
07410
05805
02033
01598
09568
08576
01525
02692
02795
05974
04246
03293
03054
00196
07273
00340
00292
08426
09879
00235
03012
03352
07881
07234
06317
04889
09543
04539
04545
00569
04039
05293
09917
04738
01403
06513
05228
05231
02089
05213
05287
00152
06661
05955
04068
07151
03972
00488
07676
01634
04812
06738
00445
08148
02390
08562
04726
01933
01284
04003
06337
04063
02338
01069
09797
02129
03577
08210
02010
09040
05656
07724
08798
06200
08931
02738
03489
09650
05328
07789
06475
03471
04796
09609
03120
07653
08399
01116
09188
07341
02315
02409
06480
04822
03596
05612
01725
01965
07817
03047
07473
02348
01265
05766
07060
02142
08425
05997
03846
01939
04885
09416
03545
02681
00734
06739
05841
09723
07768
05971
08634
08228
01812
02931
08497
09344
07030
08222
00109
04788
03723
07280
02159
09166
08190
00378
08271
08139
00281
05083
02590
00482
07876
01278
04926
07988
00535
07568
07334
08593
00628
08794
00689
00029
05047
07105
05697
08717
09187
00572
06536
04516
05186
06278
07771
01068
09220
02818
00677
05672
02279
06597
03106
03334
07217
02447
00192
02962
00356
02523
08273
08516
00347
06588
05098
05385
09947
06109
07159
08386
00004
05883
06646
09195
04173
03115
01957
08953
04680
06437
01329
06036
03093
08590
03872
01107
08355
08836
07603
07592
01355
00010
06357
07265
03713
06084
00368
07605
04458
09513
07615
04772
09062
01263
06231
03223
04705
04093
08217
04166
02381
07016
01753
00501
02170
05746
02676
05796
03815
05386
02591
00775
09576
04918
06778
08778
04203
00027
04250
01771
01667
02609
03749
01799
05393
06755
08372
01026
04045
00041
05577
06535
03720
07735
07931
03363
05850
03826
06174
03910
07691
00870
00472
04206
07576
04780
03757
04704
02724
01984
02256
03544
07471
08512
08335
07752
02278
01197
05355
04669
02399
04451
01640
09017
03843
07846
01797
06432
09753
00432
05685
06382
09756
05652
01809
03009
08445
05643
09083
05175
00470
08266
01061
05770
01719
09685
08161
02481
05815
07730
09493
01806
04852
04410
01005
09720
04019
03265
07749
01319
09215
01203
08123
00895
06016
04460
09110
05158
01657
08405
02464
02001
08204
03676
06843
06610
08262
03091
04178
03057
03599
02858
05281
09970
06259
05249
04071
00277
01285
02839
06620
01224
03042
02770
01341
08181
04353
03448
01750
07051
00112
00327
06640
09828
03037
08281
01560
05962
00664
02144
04778
00911
06736
04631
07729
01785
00362
05339
06942
06966
07645
09848
03961
00493
08651
09465
01543
04739
01322
01831
02053
03983
00476
00184
03092
04494
08603
02044
06390
04169
03519
08224
09849
02840
